0 0.548437 0.618605 0.04375 0.0651163
0 0.675 0.660465 0.065625 0.0930233
0 0.0226563 0.667442 0.0453125 0.111628
0 0.11875 0.64186 0.065625 0.0930233
0 0.476562 0.687209 0.071875 0.1
0 0.3 0.67093 0.06875 0.1
0 0.788281 0.862791 0.207813 0.232558
0 0.360938 0.903488 0.265625 0.160465
0 0.4125 0.64186 0.065625 0.0883721
0 0.235156 0.666279 0.0734375 0.1
0 0.33125 0.763954 0.121875 0.151163
0 0.844531 0.682558 0.0828125 0.113953
0 0.7125 0.726744 0.1 0.132558
0 0.059375 0.776744 0.11875 0.181395
0 0.915625 0.688372 0.078125 0.102326
0 0.546094 0.746512 0.110937 0.167442
